1
1
29
0.510087 -0.104698 0.172523 -0.069338 -0.102261 -0.150557 -1.241934 -0.777542 -1.639147 0.428859 -0.846628 -0.193072 -0.176850 1.009480 0.336129 -2.365556 -0.826477 0.746639 1.417865 -0.171882 0.773872 1.167514 -1.719391 -0.990226 0.597219 0.878093 0.072317 -1.918942 4.377398 
0.013347 0.260729 0.025878 0.002477 0.013523 -0.012287 -0.026465 -0.073206 -0.106192 -0.035913 -0.060904 -0.088395 0.089356 0.019681 0.423142 -0.242752 0.074059 0.023689 -0.055055 0.071099 0.137955 0.024459 -0.030124 -0.013669 0.014665 0.323488 0.200188 -0.196021 -0.136457 
-0.000314 0.179389 0.055152 0.131866 0.044764 0.046184 0.045617 -0.012377 0.063176 -0.039391 -0.037349 0.011334 0.055230 0.029682 0.167328 -0.094465 0.079695 -0.059228 -0.009418 0.064969 -0.006951 0.066115 0.122106 0.054312 0.154475 0.022984 -0.279906 -0.037167 -0.271729 
-0.019730 0.042125 -0.009348 0.083264 0.015781 0.013915 0.097179 0.024503 0.098722 -0.090875 0.043293 -0.051369 0.024208 -0.056715 -0.008425 0.160366 -0.030315 -0.007874 -0.045364 -0.009827 -0.075958 0.035513 0.103131 0.097047 0.023242 -0.173692 -0.160024 0.101119 -0.171486 
-0.014739 -0.015931 -0.007456 -0.027502 0.007894 -0.012941 0.038338 0.039621 0.043731 -0.032975 0.026336 0.000694 0.000379 -0.027321 -0.087791 0.111364 -0.049964 -0.014111 -0.016099 -0.005244 -0.080230 -0.005858 0.046641 0.046781 -0.052255 -0.023273 0.012407 0.133246 -0.058331 
-0.000865 -0.037270 -0.012161 -0.023871 -0.022948 0.007681 0.001512 0.010466 0.043407 0.048217 0.028080 0.017960 -0.006999 -0.035942 -0.061980 0.084034 0.017653 0.043079 -0.002717 -0.004585 -0.007157 -0.085884 -0.012716 0.025408 -0.045690 -0.052120 0.151445 0.002983 0.037607 
-0.015734 -0.073543 -0.006577 -0.012192 0.006802 0.013002 0.059728 0.033047 0.052117 -0.032104 0.045834 0.010688 -0.037738 -0.029739 -0.130330 0.194986 0.002489 -0.006976 0.005143 -0.028735 -0.058630 -0.025880 0.071349 0.072202 -0.023036 -0.070771 -0.006689 -0.048349 0.009591 
-0.001892 -0.039161 -0.007979 -0.000596 -0.000325 -0.015063 0.027404 0.037813 -0.014377 0.007178 0.016573 0.001126 -0.024964 0.002582 -0.025770 0.064044 0.003957 -0.017454 -0.019646 -0.027737 -0.027413 -0.021963 0.015091 -0.022621 0.012645 0.046315 0.027092 0.042586 0.020223 
0.000533 -0.037037 0.003013 0.048194 0.000353 0.023785 0.062089 0.023521 0.054251 -0.008923 0.016413 0.000545 0.031660 -0.024489 -0.015463 0.029690 0.018687 -0.007921 -0.016802 0.027197 -0.030026 -0.008010 0.121007 -0.021527 0.038107 -0.006150 -0.110529 0.099557 -0.171361 
0.001045 -0.007578 -0.001202 -0.008486 0.001744 0.017155 0.020270 0.009332 0.029770 0.017268 0.013061 0.002968 -0.003903 -0.020018 0.028351 0.051174 0.018255 0.011535 -0.023162 0.000649 -0.017578 -0.024043 0.023266 0.013448 -0.005733 0.012255 0.014495 -0.011841 -0.045932 
-0.006988 -0.042845 -0.009949 -0.032655 -0.010092 -0.010410 0.017863 0.019345 0.040635 -0.042252 0.025249 0.058848 -0.017482 -0.012445 -0.077008 0.089676 0.006225 -0.020786 -0.005994 -0.031920 -0.031951 -0.060210 0.039115 0.043237 -0.043196 -0.014589 0.116390 0.105343 -0.015368 
-0.008529 -0.006231 -0.006935 -0.011441 0.006959 -0.001177 0.015171 0.020201 0.017258 -0.015493 0.014330 0.013494 -0.004786 -0.000299 -0.063800 0.043832 -0.024813 -0.010345 -0.009288 0.000023 -0.036039 -0.020091 0.007001 0.036030 -0.035795 -0.037045 0.017863 0.034833 -0.015299 
-0.004576 -0.013048 0.001041 -0.015146 -0.000807 -0.006351 -0.003650 0.008362 -0.004640 -0.021939 -0.012163 0.007172 0.002839 0.031859 -0.064365 0.016088 -0.025529 -0.004975 0.022167 0.003218 -0.011786 0.001411 -0.016913 0.020384 -0.038378 -0.052961 0.003146 0.018225 0.052894 
0.018085 0.008853 0.117280 0.314342 -0.096662 0.342666 0.024708 0.494584 0.150632 -0.492040 0.129610 0.411819 0.086464 1.669402 0.848807 0.147570 -0.082919 0.078831 0.069982 -0.087088 -0.045987 0.386846 -0.697857 -0.203940 0.020731 0.211345 0.542433 -0.009626 -0.260214 
-0.003084 -0.038321 0.015879 -0.009918 -0.002120 0.009857 0.039961 0.028720 -0.016671 0.089791 -0.001125 0.075466 0.029257 -0.085751 0.412047 -0.007068 0.043458 -0.025091 -0.045509 0.066082 -0.055529 -0.013964 0.016846 -0.058088 -0.041432 0.182031 0.016164 -0.033690 -0.040702 
0.003236 -0.004698 -0.021550 -0.004301 0.022021 -0.001687 -0.018228 -0.021890 -0.019530 0.118901 -0.001590 -0.011680 -0.059436 -0.018704 0.094581 0.103681 0.000055 -0.020306 0.005705 -0.045087 -0.003926 -0.021670 0.054844 0.014894 -0.005424 -0.043243 0.043354 0.035998 0.011270 
-0.000042 0.024785 -0.013661 -0.008944 0.007266 -0.021738 -0.004423 -0.033373 0.002633 0.053325 0.000964 -0.029138 0.007155 -0.075562 -0.027711 0.003307 0.022283 0.006635 -0.042034 -0.001955 0.013988 -0.023735 0.053164 0.012597 -0.017641 -0.043370 0.000394 0.032261 0.021356 
-0.002381 -0.020134 0.001415 -0.018651 0.004219 -0.012196 -0.004737 0.004058 0.014944 0.020718 0.001968 0.044168 0.018927 -0.050700 -0.076692 0.024427 -0.006549 -0.002781 0.032167 -0.002383 0.004751 -0.015125 0.038896 0.012074 -0.038791 0.031661 -0.019585 -0.027367 0.021962 
0.004616 -0.006427 0.005155 -0.003296 -0.002995 -0.011205 -0.006324 0.009311 0.012508 0.008253 -0.005917 0.022195 0.018003 -0.009781 -0.080118 -0.004425 0.013706 0.025420 0.023180 0.046281 0.040014 -0.039150 0.077093 0.012024 0.006587 0.047744 0.007659 -0.047472 0.012701 
-0.001718 -0.007236 0.001275 -0.011872 -0.005231 -0.022462 0.001047 -0.022063 -0.021657 -0.003792 -0.013815 -0.038443 0.001744 -0.035776 -0.120078 -0.019704 -0.016416 0.017393 -0.002331 -0.014741 0.027484 -0.001885 0.003679 -0.000555 0.001857 -0.064363 0.002766 0.000636 0.039069 
-0.003710 0.010603 0.003053 -0.014774 -0.000431 -0.009374 0.012233 0.002720 0.006898 -0.028257 -0.015576 0.020064 0.007886 0.007992 -0.059945 -0.014705 -0.020373 -0.006885 -0.006930 0.045994 0.005993 -0.006057 -0.033572 -0.002616 -0.013368 -0.027452 0.022840 0.011009 -0.007868 
0.000706 0.025646 -0.003453 0.001454 0.002394 0.009932 0.001690 0.007660 0.010680 0.003211 0.006035 0.000467 -0.021778 0.037222 -0.000770 0.002958 -0.009174 0.015734 0.021198 -0.010087 -0.024839 0.002560 -0.003915 0.009257 -0.008095 -0.055323 0.016968 0.010313 -0.046649 
-0.002083 0.010779 -0.001256 -0.001771 -0.006612 -0.002634 0.001954 0.005837 -0.007746 0.022582 0.008812 -0.009598 -0.006403 -0.025881 0.024644 0.023593 0.012590 -0.016736 -0.017556 -0.030442 -0.019499 0.010672 0.017305 0.013634 -0.015809 0.004429 -0.017063 0.025026 -0.008993 
-0.004234 -0.001798 -0.004324 -0.019500 -0.008396 -0.009741 0.017274 -0.012658 -0.018972 0.013602 0.005046 -0.004646 0.006270 -0.050849 -0.018448 -0.002658 0.022166 -0.024002 0.000119 -0.008967 -0.005134 -0.004731 -0.000692 -0.004625 0.024947 -0.005928 -0.004140 0.031696 0.037090 
-0.000345 0.004641 -0.001713 -0.009566 -0.003959 -0.006459 0.006994 -0.011361 -0.002207 0.007094 -0.017133 -0.005552 0.003154 0.008323 -0.020115 -0.010315 -0.019942 -0.023389 -0.019103 0.018540 0.014708 0.007416 -0.002147 -0.020451 0.028710 -0.012977 0.012914 0.017230 0.044825 
-0.000380 0.015186 0.004971 -0.002889 -0.005616 -0.008403 0.001819 -0.005182 0.005846 -0.029964 -0.003955 -0.006288 0.007411 -0.025314 0.010772 -0.029923 0.007321 -0.003675 -0.039048 0.032234 0.005507 -0.007993 -0.037509 -0.009234 0.002565 0.009308 0.010713 -0.013898 0.009425 
-0.070652 -0.181938 0.002273 -0.254154 0.151776 0.057673 -0.034315 -0.166241 0.180980 -0.677653 0.064496 -0.009695 -0.105281 -0.195311 0.051150 0.638249 -0.486958 -0.118595 0.009194 -0.128762 0.182862 0.343025 -0.307639 0.382582 0.250814 -0.303181 2.456303 -0.054126 -0.009925 
0.016148 -0.093582 -0.006108 0.044293 -0.023262 0.020562 -0.058787 0.028259 0.035007 0.023011 0.006646 0.026303 -0.006433 0.021073 -0.149021 0.050466 0.023257 0.063741 0.046011 -0.097846 -0.050488 -0.080880 -0.040311 -0.002096 0.041390 -0.171480 -0.293205 0.679347 0.100765 
0.000386 0.011086 -0.009455 -0.010366 -0.024748 -0.004543 0.024245 -0.022541 -0.041583 -0.021860 0.003587 0.016638 -0.019915 -0.001589 -0.047766 0.028255 0.028855 -0.040967 0.010394 0.044834 -0.021765 -0.038582 0.066746 0.005771 -0.051602 -0.015789 -0.058438 0.012521 0.131783 
-0.257465 -0.039008 0.034131 0.031300 0.028871 -0.009159 0.008619 -0.012426 -0.015598 -0.012614 0.004925 0.015511 0.015836 -0.052388 -0.034809 -0.020025 0.001250 0.008681 -0.005243 0.010580 0.013162 0.003884 0.000127 0.006837 0.004973 0.004181 0.073003 0.018818 -0.004556 
1.0 1.0 1.0 1.0 1.0 1.0 1.0 1.0 1.0 1.0 1.0 1.0 1.0 1.0 1.0 1.0 1.0 1.0 1.0 1.0 1.0 1.0 1.0 1.0 1.0 1.0 1.0 1.0 1.0 
